     0	02 02 02
     1	00 00 00
     2	07 07 07
     3	00 00 00
     4	00 00 00
     5	00 00 00
     6	00 00 00
     7	00 00 00
     8	00 00 00
     9	00 00 00
    10	00 00 00
    11	00 00 00
    12	00 00 00
    13	00 00 00
    14	00 00 00
    15	00 00 00
    16	00 00 00
    17	00 00 00
    18	00 00 00
    19	00 00 00
    20	40 40 40
    21	56 56 56
    22	66 66 66
    23	66 66 66
    24	40 40 40
    25	53 53 53
    26	30 30 33
    27	a4 a4 33
    28	40 40 40
    29	53 53 53
    30	3a 3a 3a
    31	e1 e1 e1
    32	40 40 40
    33	53 53 53
    34	45 45 47
    35	1f 1f ae
    36	40 40 40
    37	53 53 53
    38	38 3a 3a
    39	52 e1 e1
    40	40 40 40
    41	53 53 53
    42	45 42 42
    43	1f 8f 8f
    44	40 40 40
    45	53 53 53
    46	45 42 40
    47	1f 8f 00
    48	40 40 40
    49	53 53 53
    50	3d 3d 3d
    51	71 71 71
    52	00 00 00
    53	00 00 00
    54	00 00 00
    55	00 00 00
    56	00 00 00
    57	00 00 00
    58	00 00 00
    59	00 00 00
    60	00 00 00
    61	00 00 00
    62	00 00 00
    63	00 00 00
    64	00 00 00
    65	00 00 00
    66	00 00 00
    67	00 00 00
    68	00 00 00
    69	00 00 00
    70	00 00 00
    71	00 00 00
    72	00 00 00
    73	00 00 00
    74	00 00 00
    75	00 00 00
    76	00 00 00
    77	00 00 00
    78	00 00 00
    79	00 00 00
    80	00 00 00
    81	00 00 00
    82	00 00 00
    83	00 00 00
    84	00 00 00
    85	00 00 00
    86	00 00 00
    87	00 00 00
