     0	01 01 01 01
     1	00 00 00 00
     2	03 03 03 03
     3	00 00 00 00
     4	41 41 41 41
     5	b8 b8 b8 b8
     6	e6 e7 e7 e6
     7	b8 5c 0a 66
     8	00 00 00 00
     9	00 00 00 00
    10	00 00 00 00
    11	00 00 00 00
    12	00 00 00 00
    13	00 00 00 00
    14	00 00 00 00
    15	00 00 00 00
    16	41 41 41 41
    17	d5 d5 d5 d5
    18	9f 9f a4 9f
    19	30 30 e0 30
    20	41 41 41 41
    21	cd cd cd cd
    22	0b 10 10 16
    23	30 e0 e0 80
    24	42 42 42 42
    25	9d 9d 9d 9d
    26	93 93 93 93
    27	20 20 20 20
    28	42 42 42 42
    29	47 47 47 47
    30	53 53 53 53
    31	ec ec ec ec
    32	00 00 00 00
    33	34 34 34 34
    34	3f 3f 3f 3f
    35	6e 6f 70 71
    36	00 00 00 00
    37	01 01 01 01
    38	00 00 00 00
    39	27 27 27 27
